9
r000000.log
C      -1.31716317    0.00932284    0.03110535
C       0.17248342   -0.03036895    0.02326933
N       0.91600429   -0.91395324    0.65483828
O       2.18785178   -0.60563140    0.38413825
N       2.17190883    0.59932058   -0.50944734
N       0.96702541    0.87475181   -0.67507597
H      -1.67867889    0.95471761    0.45785051
H      -1.70956737   -0.06580012   -0.99213486
H      -1.70986430   -0.82235914    0.62545645
$$$$$
9
r000001.log
C      -1.31716317    0.00932284    0.03110535
C       0.17248342   -0.03036895    0.02326933
N       0.91600429   -0.91395324    0.65483828
O       2.18785178   -0.60563140    0.38413825
N       2.17190883    0.59932058   -0.50944734
N       0.96702541    0.87475181   -0.67507597
H      -1.67867889    0.95471761    0.45785051
H      -1.70956737   -0.06580012   -0.99213486
H      -1.70986430   -0.82235914    0.62545645
$$$$$
9
r000002.log
C      -1.31716317    0.00932284    0.03110535
C       0.17248342   -0.03036895    0.02326933
N       0.91600429   -0.91395324    0.65483828
O       2.18785178   -0.60563140    0.38413825
N       2.17190883    0.59932058   -0.50944734
N       0.96702541    0.87475181   -0.67507597
H      -1.67867889    0.95471761    0.45785051
H      -1.70956737   -0.06580012   -0.99213486
H      -1.70986430   -0.82235914    0.62545645
$$$$$
9
r000004.log
C      -1.31716317    0.00932284    0.03110535
C       0.17248342   -0.03036895    0.02326933
N       0.91600429   -0.91395324    0.65483828
O       2.18785178   -0.60563140    0.38413825
N       2.17190883    0.59932058   -0.50944734
N       0.96702541    0.87475181   -0.67507597
H      -1.67867889    0.95471761    0.45785051
H      -1.70956737   -0.06580012   -0.99213486
H      -1.70986430   -0.82235914    0.62545645
$$$$$
9
r000005.log
C      -1.31716317    0.00932284    0.03110535
C       0.17248342   -0.03036895    0.02326933
N       0.91600429   -0.91395324    0.65483828
O       2.18785178   -0.60563140    0.38413825
N       2.17190883    0.59932058   -0.50944734
N       0.96702541    0.87475181   -0.67507597
H      -1.67867889    0.95471761    0.45785051
H      -1.70956737   -0.06580012   -0.99213486
H      -1.70986430   -0.82235914    0.62545645
$$$$$
