9
ts000000.log
C      -1.35627333    0.26883363   -0.15064068
C       0.11316037    0.23675533   -0.16166665
N       0.25380347   -0.81157698    0.59543273
O       2.23438375   -0.64301556    0.39254763
N       2.27716562    0.37690108   -0.35035246
N       1.13576172    0.93602282   -0.70598077
H      -1.88174173    0.90647732    0.55632960
H      -1.90288004   -0.20649177   -0.96357634
H      -0.84628484   -1.06715488    0.78935493
$$$$$
9
ts000001.log
C      -1.12825782    0.05172191   -0.00284551
C       0.36941454    0.02287475   -0.06730941
N       1.02675064   -1.05933000    0.86060011
O       1.33066950   -2.05482586    0.26867036
N       1.87861125    1.83781236   -0.70923086
N       1.12566288    1.00933505   -0.39803589
H      -1.50716691    0.97334286   -0.46211820
H      -1.56603381   -0.80418292   -0.53826787
H      -1.48697925    0.01899386    1.03978727
$$$$$
9
ts000002.log
C      -1.36026157    0.19781114    0.07835752
C       0.07230804    0.22740385    0.34318318
N       0.93670603    0.07375543    1.31296675
O       2.13413419   -0.39707165    0.57926176
N       1.86605060   -0.47238793   -0.75957607
N       0.68293041   -0.01987362   -0.89400327
H      -1.99663535   -0.25221015    0.84121147
H      -1.77577877    1.10370077   -0.37405250
H      -0.38460658   -0.33477885   -1.34684384
$$$$$
9
ts000004.log
C      -1.32739886    0.22575614    0.32509373
C       0.12724493    0.25907502    0.11117453
N       0.23436892   -0.92067580   -0.42547124
O       2.19831136   -0.61740683   -0.60732395
N       2.27342622    0.54132950   -0.11158990
N       1.16107479    1.10698414    0.31746602
H      -1.98862523    0.66807160   -0.41739899
H      -0.86938618   -1.24490389   -0.39897490
H      -1.72381896   -0.08604989    1.28899569
$$$$$
9
ts000005.log
C      -1.42837214   -0.06993028    0.08760173
C       0.34734883   -0.00898564    0.01845275
N       0.08003893   -0.97427790    0.74086675
O       2.74171933   -0.36564647    0.18021904
N       2.43265039    0.58368604   -0.50491916
N       1.02555212    0.87006981   -0.65493031
H      -1.60018090    0.91464668    0.52917835
H      -1.59440172   -0.11882714   -0.99235752
H      -2.02219983   -0.83194210    0.59729237
$$$$$
