9
p000000.log
C      -0.90376750    0.51962276   -0.39343662
C      -0.14532463   -0.65841486    0.10301743
N       0.09414687   -1.66509134    0.83090619
O       2.54988530    0.57167298    0.10797285
N       1.59128254    1.13914092   -0.31637051
N       0.50903263    0.19891847   -0.75896809
H      -1.05713499    1.35542842    0.29841382
H      -1.62970969    0.43873870   -1.20643957
H      -0.74253054   -1.92220305    1.37085650
$$$$$
9
p000001.log
C      -1.00830632   -0.02083404   -0.06351658
C       0.48636345    0.05792700    0.00392103
N       1.29616441   -0.99797506    0.52350175
O       0.61351695   -1.95704987    0.89590772
N       1.82875288    1.97109688   -0.76101946
N       1.14248520    1.11301392   -0.42319545
H      -1.45196526    0.93229448   -0.37001167
H      -1.31261065   -0.80607031   -0.77054857
H      -1.39480967   -0.30759501    0.92411222
$$$$$
9
p000002.log
C      -1.43564691    0.34170584    0.37732864
C      -0.11966389    0.04040232    0.27439146
N       0.83282946   -0.20850663    1.26412593
O       1.99850678   -0.46314380    0.58173798
N       1.89783497   -0.40454662   -0.73568152
N       0.63174702   -0.10345786   -0.93759605
H      -1.89365936    0.41975015    1.35686610
H      -2.04489519    0.50557296   -0.50670590
H       0.30779411   -0.00142535   -1.89396064
$$$$$
9
p000004.log
C      -1.40358456    0.49385423    0.31619341
C      -0.12843926    0.17598338    0.01604200
N       0.37321625   -1.06870785   -0.46674971
O       1.78517611   -0.80913576   -0.68242311
N       2.00920303    0.54960563   -0.30174527
N       0.95643941    1.08512666    0.08014069
H      -1.63015786    1.48836885    0.68802686
H       0.36236854   -1.79531362    0.25795578
H      -2.20984166   -0.22549853    0.19921836
$$$$$
9
p000005.log
C      -1.63459825   -0.21784846    0.30433307
C       0.65644464   -0.29975917   -0.62337732
N      -0.30186681   -0.69230843    0.01351796
O       2.58376682    0.82157041    0.79472036
N       2.83742162    0.68825115   -0.35119517
N       1.70912646   -0.01690214   -1.24121151
H      -1.82931556   -0.34046422    1.37751594
H      -1.76919564    0.83757186    0.02989675
H      -2.36540628   -0.82816800   -0.24418709
$$$$$
